Function 1
CSI: [0.0035394765706766077, 0.007928773332645708, 0.01923172254237656, 0.030152594399104227, 0.040469961873925105, 0.04997732278668203, 0.05848438724406667, 0.06582088629311461, 0.07186400239801445, 0.07644671723498787]
Simpson: [0.0035407694793225513, 0.007961183484620596, 0.01930379330699009, 0.03026003757507161, 0.04061062698534499, 0.050148394420391915, 0.05868244140015025, 0.06604195891629631, 0.07207964617571302, 0.07667465882683923]
Trapezoidal: [0.0035222792480193083, 0.007932521999866382, 0.01922855376599061, 0.030139725897751532, 0.040447651210745596, 0.04994601650974862, 0.058444711948720585, 0.06577363608066697, 0.07178610043925668, 0.07636176550947314]

Function 2
CSI: [0.016200333126187003, 0.008554643043950422, 0.006955890184248848, 0.016070891956210424, 0.010410389778347497, 0.004821376751755782, 0.015620391731212975, 0.012058090590120038, 0.002590457847730564, 0.014857798865443307]
Simpson: [0.016264896102794496, 0.008589269191269337, 0.006983292203264699, 0.016135446951219174, 0.010452746184648339, 0.004840161218778612, 0.0156830467192076, 0.012107011392072646, 0.0026001543745904714, 0.014916750200482515]
Trapezoidal: [0.01619824098578762, 0.00855429303116907, 0.00695443248616283, 0.01606928484772522, 0.01041011082759291, 0.0048200710787424566, 0.015618701864178672, 0.012057570185023039, 0.002589235915908911, 0.014855510456627415]

Function 3
CSI: [0.08217724111922471, 0.2233809012472877, 0.607234679463931, 1.6506349947969403, 4.486891111775115, 12.196634575412698, 33.15389013469966, 90.12161709588112, 244.96690326740597, 665.8890817256744]
Simpson: [0.08252289876133921, 0.22432049613471644, 0.6097663283939174, 1.6575167300793763, 4.505597607741409, 12.247484103472019, 33.292113482809015, 90.4973471113161, 245.99729417646452, 668.6899746099775]
Trapezoidal: [0.08218334064777062, 0.22339748148489477, 0.6072573144439056, 1.6506965230517092, 4.487058362911961, 12.197089211138778, 33.15512596273241, 90.12497642476622, 244.98508570574185, 665.9385067173998]

