Function 1
CSI: [0.009086727913989918, 0.0204901196884761, 0.03148340157808245, 0.04184654297104491, 0.05137212552192289, 0.05986949463119465, 0.06716857539836307, 0.07312327667224768, 0.0776144150663644, 0.08055210041521856]
Simpson: [0.0035407694793225513, 0.007961183484620596, 0.01930379330699009, 0.03026003757507161, 0.04061062698534499, 0.050148394420391915, 0.05868244140015025, 0.06604195891629631, 0.07207964617571302, 0.07667465882683923]
Trapezoidal: [0.0035222792480193083, 0.007932521999866382, 0.01922855376599061, 0.030139725897751532, 0.040447651210745596, 0.04994601650974862, 0.058444711948720585, 0.06577363608066697, 0.07178610043925668, 0.07636176550947314]

Function 2
CSI: [0.01621001921529463, 0.00926856894472576, 0.006194360869428335, 0.015962223866988753, 0.011054491854806558, 0.004016688988283546, 0.0153949444994561, 0.012619159035252781, 0.001758623049728295, 0.014519535213094981]
Simpson: [0.016264896102794496, 0.008589269191269337, 0.006983292203264699, 0.016135446951219174, 0.010452746184648339, 0.004840161218778612, 0.0156830467192076, 0.012107011392072646, 0.0026001543745904714, 0.014916750200482515]
Trapezoidal: [0.01619824098578762, 0.00855429303116907, 0.00695443248616283, 0.01606928484772522, 0.01041011082759291, 0.0048200710787424566, 0.015618701864178672, 0.012057570185023039, 0.002589235915908911, 0.014855510456627415]

Function 3
CSI: [0.07791720021708763, 0.21180090947451471, 0.5757345634756728, 1.5650088019117243, 4.254134987615066, 11.563937832645875, 31.434042075911414, 85.44658536996702, 232.2679003150543, 631.3696127607485]
Simpson: [0.08252289876133921, 0.22432049613471644, 0.6097663283939174, 1.6575167300793763, 4.505597607741409, 12.247484103472019, 33.292113482809015, 90.4973471113161, 245.99729417646452, 668.6899746099775]
Trapezoidal: [0.08218334064777062, 0.22339748148489477, 0.6072573144439056, 1.6506965230517092, 4.487058362911961, 12.197089211138778, 33.15512596273241, 90.12497642476622, 244.98508570574185, 665.9385067173998]

